H VALDAR2001
D Transformed 250 PAM PET91 matrix (Valdar 2001) to be in the range of [0.0-1.0] with constant diagonal.
R PMID: 11093265
A Valdar, W. S. and Thornton, J. M.
T Scoring residue conservation
J Proteins 42: 108-124 (2001)
M rows = ARNDCQEGHILKMFPSTWYV, cols = ARNDCQEGHILKMFPSTWYV
 1.000
 0.267 1.000
 0.333 0.333 1.000
 0.267 0.267 0.467 1.000
 0.267 0.267 0.267 0.133 1.000
 0.267 0.467 0.333 0.333 0.133 1.000
 0.267 0.333 0.400 0.600 0.067 0.467 1.000
 0.400 0.333 0.333 0.400 0.267 0.267 0.400 1.000
 0.200 0.467 0.400 0.333 0.333 0.533 0.333 0.200 1.000
 0.333 0.133 0.200 0.133 0.200 0.133 0.133 0.133 0.133 1.000
 0.267 0.133 0.133 0.067 0.133 0.200 0.067 0.067 0.200 0.467 1.000
 0.267 0.600 0.400 0.333 0.133 0.467 0.400 0.267 0.400 0.133 0.133 1.000
 0.267 0.200 0.200 0.133 0.200 0.200 0.133 0.133 0.200 0.533 0.533 0.200 1.000
 0.133 0.067 0.133 0.000 0.333 0.067 0.000 0.000 0.333 0.333 0.467 0.000 0.333 1.000
 0.400 0.267 0.267 0.200 0.200 0.333 0.200 0.267 0.333 0.200 0.333 0.200 0.200 0.200 1.000
 0.400 0.267 0.400 0.333 0.400 0.267 0.267 0.400 0.267 0.267 0.200 0.267 0.267 0.200 0.400 1.000
 0.467 0.267 0.400 0.267 0.267 0.267 0.267 0.333 0.267 0.400 0.267 0.267 0.333 0.200 0.400 0.400 1.000
 0.067 0.333 0.067 0.000 0.400 0.133 0.000 0.200 0.133 0.067 0.200 0.133 0.133 0.267 0.000 0.133 0.067 1.000
 0.133 0.200 0.267 0.200 0.467 0.267 0.067 0.067 0.600 0.200 0.267 0.133 0.133 0.667 0.133 0.267 0.133 0.333 1.000
 0.400 0.133 0.200 0.133 0.200 0.133 0.200 0.200 0.133 0.600 0.467 0.133 0.467 0.333 0.267 0.267 0.333 0.067 0.133 1.000
//                    
